29000 1000
34000 1000
17000 1000
37000 1000
40000 1000
5000 1000
23000 1000
28000 1000
14000 1000
27000 1000
2000 1000
4000 1000
42000 1000
30000 1000
32000 1000
36000 1000
35000 1000
45000 1000
48000 1000
38000 1000
7000 1000
43000 1000
6000 1000
18000 1000
3000 1000
21000 1000
16000 1000
19000 1000
11000 1000
49000 4418
39000 1000
47000 1000
33000 1000
20000 1000
25000 1000
0 1000
46000 1000
26000 1000
10000 1000
9000 1000
24000 1000
31000 1000
15000 1000
12000 1000
41000 1000
22000 1000
1000 1000
8000 1000
44000 1000
13000 1000
